*********************************************
* POS 1-5   APC CODE                        *
*     7-10  EFFECTIVE YEAR                  *
*     12-20 OFFSET AMOUNT                   *
*********************************************
00307 2009 000029396
00307 2010 000053487
00307 2011 000036166
00308 2009 000019660
00308 2010 000020841
00308 2011 000021215
00308 2012 000020187
00308 2013 000018936
00308 2014 000022595
00308 2015 000022766
00377 2009 000014871
00377 2010 000013972
00377 2011 000012933
00377 2012 000012297
00377 2013 000013063
00377 2014 000027456
00377 2015 000027795
00378 2009 000005937
00378 2010 000005613
00378 2011 000005605
00378 2012 000005452
00378 2013 000005695
00378 2014 000007433
00378 2015 000007437
00389 2009 000004642
00389 2010 000003889
00389 2011 000003038
00389 2012 000003811
00389 2013 000003603
00389 2014 000004156
00389 2015 000006102
00390 2009 000003260
00390 2010 000003585
00390 2011 000003225
00390 2012 000003048
00390 2013 000003976
00390 2014 000004629
00390 2015 000005834
00391 2009 000006620
00391 2010 000006452
00391 2011 000006499
00391 2012 000006409
00391 2013 000006881
00391 2014 000008264
00391 2015 000008243
00392 2009 000003864
00392 2010 000005258
00392 2011 000004440
00392 2012 000003078
00392 2013 000005249
00392 2014 000007131
00392 2015 000007391
00393 2009 000018065
00393 2010 000017114
00393 2011 000017652
00393 2012 000019243
00393 2013 000016717
00393 2014 000030120
00393 2015 000032170
00394 2009 000004218
00394 2010 000004026
00394 2011 000003945
00394 2012 000003755
00394 2013 000003873
00394 2014 000004638
00394 2015 000004607
00395 2009 000003457
00395 2010 000003677
00395 2011 000003606
00395 2012 000003839
00395 2013 000004026
00395 2014 000005041
00395 2015 000005081
00396 2009 000002428
00396 2010 000002505
00396 2011 000002249
00396 2012 000002308
00396 2013 000002447
00396 2014 000002880
00396 2015 000002888
00397 2009 000003838
00397 2010 000004293
00397 2011 000005353
00397 2012 000003379
00397 2013 000005868
00398 2009 000006279
00398 2010 000006244
00398 2011 000005930
00398 2012 000006532
00398 2013 000006004
00398 2014 000007329
00398 2015 000006892
00400 2009 000005257
00400 2010 000005125
00400 2011 000004056
00400 2012 000004427
00400 2013 000004916
00400 2014 000006141
00400 2015 000006298
00401 2009 000003513
00401 2010 000003600
00401 2011 000003029
00401 2012 000003466
00401 2013 000003155
00401 2014 000004336
00401 2015 000004309
00402 2009 000029674
00402 2010 000030940
00402 2011 000033707
00402 2012 000033177
00402 2013 000018769
00402 2014 000024430
00402 2015 000026302
00403 2009 000003876
00403 2010 000003917
00403 2011 000007308
00403 2012 000007640
00403 2013 000008879
00403 2014 000002034
00403 2015 000002488
00404 2009 000010630
00404 2010 000010236
00404 2011 000010425
00404 2012 000010241
00404 2013 000010370
00404 2014 000012790
00404 2015 000013070
00406 2009 000006441
00406 2010 000004864
00406 2011 000005361
00406 2012 000004332
00406 2013 000005192
00406 2014 000007533
00406 2015 000008094
00408 2009 000068312
00408 2010 000058641
00408 2011 000048344
00408 2012 000059524
00408 2013 000053619
00408 2014 000077073
00408 2015 000081108
00414 2009 000033136
00414 2010 000026843
00414 2011 000022847
00414 2012 000024170
00414 2013 000024278
00414 2014 000032553
00414 2015 000037358
05591 2016 000004534
05592 2016 000011886
05593 2016 000029640
05594 2016 000022837
