*********************************************
* POS 1-5   APC CODE                        *
*     7-10  EFFECTIVE YEAR                  *
*     12-20 OFFSET AMOUNT                   *
*********************************************
00080 2010 000005755
00080 2011 000005672
00080 2012 000006095
00080 2013 000008267
00080 2014 000008227
00080 2015 000008012
00082 2010 000008346
00082 2011 000007408
00082 2012 000008985
00082 2013 000011660
00082 2014 000012910
00083 2010 000004464
00083 2011 000004914
00083 2012 000007676
00083 2013 000007885
00083 2014 000008424
00083 2015 000006673
00093 2010 000002944
00093 2011 000001885
00093 2012 000000928
00093 2013 000002923
00093 2014 000002961
00093 2015 000002626
00100 2014 000003729
00100 2015 000003297
00104 2010 000007468
00104 2011 000005373
00104 2012 000006492
00104 2013 000010082
00104 2014 000009609
00128 2010 000005625
00128 2011 000001951
00128 2012 000003494
00152 2010 000002109
00152 2011 000001530
00152 2012 000002104
00152 2013 000003102
00152 2014 000003040
00152 2015 000003777
00177 2013 000005754
00177 2014 000006542
00177 2015 000007254
00178 2013 000005789
00178 2014 000006163
00178 2015 000007210
00229 2010 000007916
00229 2011 000007704
00229 2012 000010686
00229 2013 000011860
00229 2014 000011947
00229 2015 000012516
00278 2010 000002650
00278 2011 000002552
00278 2012 000003158
00278 2013 000003770
00278 2014 000004150
00278 2015 000004019
00279 2010 000007419
00279 2011 000007600
00279 2012 000008166
00279 2013 000010411
00279 2014 000011079
00279 2015 000010498
00280 2010 000007527
00280 2011 000007336
00280 2012 000008729
00280 2013 000011690
00280 2014 000012142
00280 2015 000012939
00283 2010 000003701
00283 2011 000003928
00283 2012 000004367
00283 2013 000005937
00283 2014 000006232
00283 2015 000006201
00284 2010 000004094
00284 2011 000004457
00284 2012 000005078
00284 2013 000005309
00284 2014 000005886
00284 2015 000005842
00328 2014 000077842
00328 2015 000077858
00329 2014 000036009
00329 2015 000033649
00333 2010 000003593
00333 2011 000003981
00333 2012 000004320
00333 2013 000006136
00333 2014 000006531
00333 2015 000006495
00334 2012 000004718
00334 2013 000006949
00334 2014 000007253
00334 2015 000007245
00337 2010 000003685
00337 2011 000003911
00337 2012 000004217
00337 2013 000005714
00337 2014 000006009
00337 2015 000005869
00375 2010 000022734
00375 2011 000000892
00375 2012 000007038
00375 2013 000003968
00375 2014 000009264
00375 2015 000005851
00377 2014 000027456
00377 2015 000027795
00383 2010 000003968
00383 2011 000003496
00383 2012 000005362
00383 2013 000006242
00383 2014 000006170
00383 2015 000006445
00388 2010 000003808
00388 2011 000001839
00388 2012 000002080
00388 2013 000002995
00388 2014 000003396
00388 2015 000003433
00418 2010 000003020
00418 2011 000000957
00442 2010 000030806
00442 2011 000061915
00442 2012 000032209
00442 2013 000038112
00442 2014 000015071
00442 2015 000015823
00653 2010 000002323
00653 2011 000003199
00653 2012 000003415
00653 2013 000001629
00653 2014 000001665
00656 2010 000007896
00656 2011 000008079
00656 2012 000008224
00656 2013 000010170
00656 2014 000009874
00662 2010 000004286
00662 2011 000004374
00662 2012 000004787
00662 2013 000006642
00662 2014 000006990
00662 2015 000006885
00668 2010 000003317
00668 2011 000003385
00668 2012 000003531
00668 2013 000005334
00668 2014 000005317
00668 2015 000005354
05054 2016 000051100
05055 2016 000013936
05181 2016 000001156
05182 2016 000000494
05183 2016 000003378
05188 2016 000008973
05191 2016 000007026
05192 2016 000013836
05193 2016 000015635
05351 2016 000000653
05352 2016 000002718
05523 2016 000000309
05524 2016 000002469
05525 2016 000003994
05526 2016 000011093
05561 2016 000007646
05562 2016 000007770
05571 2016 000006357
05582 2016 000005783
05593 2016 000029640
05722 2016 000000333
05881 2016 000004116
08006 2010 000004245
08006 2011 000004620
08006 2012 000004995
08006 2013 000007333
08006 2014 000007709
08006 2015 000007537
08006 2016 000007759
08008 2010 000004320
08008 2011 000004397
08008 2012 000004653
08008 2013 000006151
08008 2014 000006399
08008 2015 000006242
08008 2016 000006044
