1AA11 20200101 010124 4
1AA21 20200101 010631 4
1AA31 20200101 011597 4
1AB11 20200101 011454 5
1AB21 20200101 011962 5
1AB31 20200101 012928 4
1AC11 20200101 012436 4
1AC21 20200101 012943 4
1AC31 20200101 013910 4
1BA11 20200101 011928 5
1BA21 20200101 012435 5
1BA31 20200101 013401 4
1BB11 20200101 013525 5
1BB21 20200101 014032 5
1BB31 20200101 014998 5
1BC11 20200101 014548 5
1BC21 20200101 015055 5
1BC31 20200101 016021 5
1CA11 20200101 012468 5
1CA21 20200101 012976 4
1CA31 20200101 013942 4
1CB11 20200101 013911 5
1CB21 20200101 014418 5
1CB31 20200101 015385 5
1CC11 20200101 015156 5
1CC21 20200101 015663 5
1CC31 20200101 016629 5
1DA11 20200101 009530 3
1DA21 20200101 010037 3
1DA31 20200101 011004 2
1DB11 20200101 011464 3
1DB21 20200101 011972 3
1DB31 20200101 012938 2
1DC11 20200101 012086 3
1DC21 20200101 012594 2
1DC31 20200101 013560 2
1EA11 20200101 010813 5
1EA21 20200101 011321 5
1EA31 20200101 012287 5
1EB11 20200101 011915 5
1EB21 20200101 012422 5
1EB31 20200101 013389 5
1EC11 20200101 013465 5
1EC21 20200101 013972 5
1EC31 20200101 014938 5
1FA11 20200101 009284 3
1FA21 20200101 009791 4
1FA31 20200101 010757 3
1FB11 20200101 010907 4
1FB21 20200101 011414 4
1FB31 20200101 012381 5
1FC11 20200101 011798 4
1FC21 20200101 012305 4
1FC31 20200101 013271 4
1GA11 20200101 009117 3
1GA21 20200101 009624 3
1GA31 20200101 010591 4
1GB11 20200101 010647 4
1GB21 20200101 011154 4
1GB31 20200101 012121 5
1GC11 20200101 012226 4
1GC21 20200101 012733 5
1GC31 20200101 013700 4
1HA11 20200101 009668 4
1HA21 20200101 010176 4
1HA31 20200101 011142 4
1HB11 20200101 011179 5
1HB21 20200101 011686 5
1HB31 20200101 012652 5
1HC11 20200101 012297 5
1HC21 20200101 012804 5
1HC31 20200101 013770 4
1IA11 20200101 010979 4
1IA21 20200101 011486 4
1IA31 20200101 012453 4
1IB11 20200101 012712 5
1IB21 20200101 013219 5
1IB31 20200101 014186 4
1IC11 20200101 013874 5
1IC21 20200101 014381 5
1IC31 20200101 015348 5
1JA11 20200101 009559 3
1JA21 20200101 010066 3
1JA31 20200101 011032 3
1JB11 20200101 011106 4
1JB21 20200101 011614 4
1JB31 20200101 012580 4
1JC11 20200101 011975 4
1JC21 20200101 012482 3
1JC31 20200101 013449 3
1KA11 20200101 009888 3
1KA21 20200101 010396 3
1KA31 20200101 011362 3
1KB11 20200101 011147 3
1KB21 20200101 011655 3
1KB31 20200101 012621 4
1KC11 20200101 012283 3
1KC21 20200101 012790 3
1KC31 20200101 013757 3
1LA11 20200101 009633 4
1LA21 20200101 010141 4
1LA31 20200101 011107 4
1LB11 20200101 011011 4
1LB21 20200101 011518 5
1LB31 20200101 012484 5
1LC11 20200101 012089 4
1LC21 20200101 012596 4
1LC31 20200101 013563 4
2AA11 20200101 011925 3
2AA21 20200101 012432 3
2AA31 20200101 013398 3
2AB11 20200101 013255 4
2AB21 20200101 013763 4
2AB31 20200101 014729 5
2AC11 20200101 014237 4
2AC21 20200101 014744 4
2AC31 20200101 015711 5
2BA11 20200101 013729 5
2BA21 20200101 014236 5
2BA31 20200101 015203 5
2BB11 20200101 015326 6
2BB21 20200101 015833 6
2BB31 20200101 016800 6
2BC11 20200101 016349 5
2BC21 20200101 016856 5
2BC31 20200101 017823 5
2CA11 20200101 014269 4
2CA21 20200101 014777 4
2CA31 20200101 015743 4
2CB11 20200101 015712 5
2CB21 20200101 016219 5
2CB31 20200101 017186 5
2CC11 20200101 016957 5
2CC21 20200101 017464 5
2CC31 20200101 018430 5
2DA11 20200101 011331 3
2DA21 20200101 011839 3
2DA31 20200101 012805 3
2DB11 20200101 013266 4
2DB21 20200101 013773 4
2DB31 20200101 014739 4
2DC11 20200101 013888 4
2DC21 20200101 014395 4
2DC31 20200101 015361 4
2EA11 20200101 012614 5
2EA21 20200101 013122 5
2EA31 20200101 014088 5
2EB11 20200101 013716 5
2EB21 20200101 014223 6
2EB31 20200101 015190 6
2EC11 20200101 015266 6
2EC21 20200101 015773 6
2EC31 20200101 016739 6
2FA11 20200101 011085 3
2FA21 20200101 011592 3
2FA31 20200101 012558 3
2FB11 20200101 012708 4
2FB21 20200101 013216 4
2FB31 20200101 014182 3
2FC11 20200101 013599 4
2FC21 20200101 014106 4
2FC31 20200101 015072 4
2GA11 20200101 010918 3
2GA21 20200101 011426 4
2GA31 20200101 012392 4
2GB11 20200101 012448 4
2GB21 20200101 012956 5
2GB31 20200101 013922 5
2GC11 20200101 014027 5
2GC21 20200101 014535 5
2GC31 20200101 015501 5
2HA11 20200101 011469 4
2HA21 20200101 011977 4
2HA31 20200101 012943 4
2HB11 20200101 012980 5
2HB21 20200101 013487 4
2HB31 20200101 014453 5
2HC11 20200101 014098 4
2HC21 20200101 014605 4
2HC31 20200101 015571 5
2IA11 20200101 012780 3
2IA21 20200101 013288 3
2IA31 20200101 014254 4
2IB11 20200101 014513 5
2IB21 20200101 015020 4
2IB31 20200101 015987 5
2IC11 20200101 015675 4
2IC21 20200101 016182 4
2IC31 20200101 017149 4
2JA11 20200101 011360 3
2JA21 20200101 011867 3
2JA31 20200101 012833 4
2JB11 20200101 012907 4
2JB21 20200101 013415 4
2JB31 20200101 014381 4
2JC11 20200101 013776 4
2JC21 20200101 014283 4
2JC31 20200101 015250 4
2KA11 20200101 011689 3
2KA21 20200101 012197 3
2KA31 20200101 013163 4
2KB11 20200101 012948 3
2KB21 20200101 013456 4
2KB31 20200101 014422 4
2KC11 20200101 014084 3
2KC21 20200101 014591 3
2KC31 20200101 015558 4
2LA11 20200101 011434 4
2LA21 20200101 011942 4
2LA31 20200101 012908 4
2LB11 20200101 012812 4
2LB21 20200101 013319 4
2LB31 20200101 014285 5
2LC11 20200101 013890 4
2LC21 20200101 014398 4
2LC31 20200101 015364 4
3AA11 20200101 006063 2
3AA21 20200101 006570 2
3AA31 20200101 007537 2
3AB11 20200101 007394 2
3AB21 20200101 007901 2
3AB31 20200101 008867 3
3AC11 20200101 008375 2
3AC21 20200101 008883 2
3AC31 20200101 009849 2
3BA11 20200101 007867 2
3BA21 20200101 008374 2
3BA31 20200101 009341 2
3BB11 20200101 009464 2
3BB21 20200101 009971 2
3BB31 20200101 010938 3
3BC11 20200101 010487 2
3BC21 20200101 010994 3
3BC31 20200101 011961 3
3CA11 20200101 008408 2
3CA21 20200101 008915 3
3CA31 20200101 009881 3
3CB11 20200101 009850 3
3CB21 20200101 010358 3
3CB31 20200101 011324 3
3CC11 20200101 011095 3
3CC21 20200101 011602 3
3CC31 20200101 012569 3
3DA11 20200101 005470 2
3DA21 20200101 005977 2
3DA31 20200101 006943 2
3DB11 20200101 007404 2
3DB21 20200101 007911 2
3DB31 20200101 008878 2
3DC11 20200101 008026 2
3DC21 20200101 008533 2
3DC31 20200101 009500 2
3EA11 20200101 006753 2
3EA21 20200101 007260 2
3EA31 20200101 008226 2
3EB11 20200101 007854 2
3EB21 20200101 008362 2
3EB31 20200101 009328 3
3EC11 20200101 009404 2
3EC21 20200101 009911 2
3EC31 20200101 010878 3
3FA11 20200101 005223 2
3FA21 20200101 005730 2
3FA31 20200101 006697 2
3FB11 20200101 006847 2
3FB21 20200101 007354 2
3FB31 20200101 008320 2
3FC11 20200101 007737 2
3FC21 20200101 008244 2
3FC31 20200101 009211 3
3GA11 20200101 005057 2
3GA21 20200101 005564 2
3GA31 20200101 006530 2
3GB11 20200101 006587 2
3GB21 20200101 007094 2
3GB31 20200101 008060 2
3GC11 20200101 008166 2
3GC21 20200101 008673 2
3GC31 20200101 009639 2
3HA11 20200101 005608 2
3HA21 20200101 006115 2
3HA31 20200101 007081 2
3HB11 20200101 007118 2
3HB21 20200101 007625 2
3HB31 20200101 008592 3
3HC11 20200101 008236 2
3HC21 20200101 008743 2
3HC31 20200101 009710 3
3IA11 20200101 006919 2
3IA21 20200101 007426 2
3IA31 20200101 008392 3
3IB11 20200101 008651 3
3IB21 20200101 009159 3
3IB31 20200101 010125 3
3IC11 20200101 009813 3
3IC21 20200101 010321 3
3IC31 20200101 011287 3
3JA11 20200101 005498 2
3JA21 20200101 006005 2
3JA31 20200101 006972 2
3JB11 20200101 007046 2
3JB21 20200101 007553 2
3JB31 20200101 008520 2
3JC11 20200101 007914 2
3JC21 20200101 008422 2
3JC31 20200101 009388 2
3KA11 20200101 005828 2
3KA21 20200101 006335 2
3KA31 20200101 007301 2
3KB11 20200101 007087 2
3KB21 20200101 007594 2
3KB31 20200101 008560 2
3KC11 20200101 008222 2
3KC21 20200101 008730 2
3KC31 20200101 009696 2
3LA11 20200101 005573 2
3LA21 20200101 006080 2
3LA31 20200101 007047 2
3LB11 20200101 006950 2
3LB21 20200101 007457 2
3LB31 20200101 008424 2
3LC11 20200101 008029 2
3LC21 20200101 008536 2
3LC31 20200101 009502 3
4AA11 20200101 010538 3
4AA21 20200101 011045 3
4AA31 20200101 012011 3
4AB11 20200101 011868 3
4AB21 20200101 012376 3
4AB31 20200101 013342 4
4AC11 20200101 012850 3
4AC21 20200101 013357 3
4AC31 20200101 014324 3
4BA11 20200101 012342 3
4BA21 20200101 012849 4
4BA31 20200101 013815 4
4BB11 20200101 013939 4
4BB21 20200101 014446 4
4BB31 20200101 015412 5
4BC11 20200101 014962 4
4BC21 20200101 015469 4
4BC31 20200101 016435 4
4CA11 20200101 012882 3
4CA21 20200101 013390 3
4CA31 20200101 014356 3
4CB11 20200101 014325 4
4CB21 20200101 014832 4
4CB31 20200101 015799 4
4CC11 20200101 015570 4
4CC21 20200101 016077 4
4CC31 20200101 017043 4
4DA11 20200101 009944 2
4DA21 20200101 010452 2
4DA31 20200101 011418 2
4DB11 20200101 011878 3
4DB21 20200101 012386 3
4DB31 20200101 013352 3
4DC11 20200101 012500 3
4DC21 20200101 013008 3
4DC31 20200101 013974 3
4EA11 20200101 011227 4
4EA21 20200101 011735 3
4EA31 20200101 012701 4
4EB11 20200101 012329 4
4EB21 20200101 012836 4
4EB31 20200101 013803 4
4EC11 20200101 013879 4
4EC21 20200101 014386 4
4EC31 20200101 015352 5
4FA11 20200101 009698 2
4FA21 20200101 010205 2
4FA31 20200101 011171 2
4FB11 20200101 011321 3
4FB21 20200101 011828 3
4FB31 20200101 012795 3
4FC11 20200101 012212 3
4FC21 20200101 012719 3
4FC31 20200101 013685 3
4GA11 20200101 009531 3
4GA21 20200101 010038 3
4GA31 20200101 011005 4
4GB11 20200101 011061 3
4GB21 20200101 011568 4
4GB31 20200101 012535 4
4GC11 20200101 012640 4
4GC21 20200101 013147 4
4GC31 20200101 014114 4
4HA11 20200101 010082 3
4HA21 20200101 010590 3
4HA31 20200101 011556 3
4HB11 20200101 011593 3
4HB21 20200101 012100 3
4HB31 20200101 013066 4
4HC11 20200101 012711 4
4HC21 20200101 013218 3
4HC31 20200101 014184 4
4IA11 20200101 011393 3
4IA21 20200101 011900 3
4IA31 20200101 012867 3
4IB11 20200101 013126 3
4IB21 20200101 013633 3
4IB31 20200101 014600 4
4IC11 20200101 014288 4
4IC21 20200101 014795 3
4IC31 20200101 015762 3
4JA11 20200101 009973 3
4JA21 20200101 010480 3
4JA31 20200101 011446 3
4JB11 20200101 011520 3
4JB21 20200101 012028 3
4JB31 20200101 012994 4
4JC11 20200101 012389 3
4JC21 20200101 012896 3
4JC31 20200101 013863 4
4KA11 20200101 010302 2
4KA21 20200101 010810 3
4KA31 20200101 011776 3
4KB11 20200101 011561 3
4KB21 20200101 012069 3
4KB31 20200101 013035 4
4KC11 20200101 012697 3
4KC21 20200101 013204 3
4KC31 20200101 014171 3
4LA11 20200101 010047 3
4LA21 20200101 010555 3
4LA31 20200101 011521 3
4LB11 20200101 011425 3
4LB21 20200101 011932 3
4LB31 20200101 012898 4
4LC11 20200101 012503 3
4LC21 20200101 013010 3
4LC31 20200101 013977 3
