0420 20001001 000010474 000000000 000000000 000000000 000000000 000000000 000000000 000000000
0420 20010401 000010704 000011774 000000000 000000000 000000000 000000000 000000000 000000000
0420 20011001 000010855 000011941 000000000 000000000 000000000 000000000 000000000 000000000
0420 20021001 000010307 000011338 000000000 000000000 000000000 000000000 000000000 000000000
0420 20030401 000010307 000010307 000000000 000000000 000000000 000000000 000000000 000000000
0420 20031001 000010647 000010647 000000000 000000000 000000000 000000000 000000000 000000000
0420 20040401 000010565 000011093 000000000 000000000 000000000 000000000 000000000 000000000
0420 20050101 000010808 000011348 000000000 000000000 000000000 000000000 000000000 000000000
0420 20050401 000010808 000010808 000000000 000000000 000000000 000000000 000000000 000000000
0420 20060101 000010808 000011348 000000000 000000000 000000000 000000000 000000000 000000000
0420 20070101 000011165 000011723 000010949 000011496 000000000 000000000 000000000 000000000
0420 20080101 000011471 000011471 000011248 000011248 000000000 000000000 000000000 000000000
0420 20090101 000011804 000011804 000011574 000011574 000000000 000000000 000000000 000000000
0420 20100101 000012357 000012357 000012115 000012115 000000000 000000000 000000000 000000000
0420 20100401 000012357 000012728 000012115 000012478 000000000 000000000 000000000 000000000
0420 20110101 000012173 000012538 000011932 000012290 000000000 000000000 000000000 000000000
0420 20120101 000012343 000012713 000012100 000012463 000000000 000000000 000000000 000000000
0420 20130101 000012503 000012878 000012257 000012625 000000000 000000000 000000000 000000000
0420 20140101 000013240 000013637 000012981 000013370 000000000 000000000 000000000 000000000
0420 20150101 000013975 000014394 000013702 000014113 000000000 000000000 000000000 000000000
0420 20160101 000014695 000015136 000014407 000014839 000000000 000000000 000000000 000000000
0420 20170101 000015505 000015970 000015203 000015659 000004991 000005141 000004894 000005040
0420 20180101 000015676 000015676 000015365 000015365 000005046 000005046 000004946 000004946
0420 20190101 000016014 000016014 000015701 000015701 000005155 000005155 000005054 000005054
0420 20200101 000016361 000016361 000016039 000016039 000005266 000005266 000005163 000005163
0420 20210101 000016683 000016683 000016356 000016356 000005370 000005370 000005265 000005265
0430 20001001 000010544 000000000 000000000 000000000 000000000 000000000 000000000 000000000
0430 20010401 000010776 000011854 000000000 000000000 000000000 000000000 000000000 000000000
0430 20011001 000010928 000012021 000000000 000000000 000000000 000000000 000000000 000000000
0430 20021001 000010377 000011415 000000000 000000000 000000000 000000000 000000000 000000000
0430 20030401 000010377 000010377 000000000 000000000 000000000 000000000 000000000 000000000
0430 20031001 000010719 000010719 000000000 000000000 000000000 000000000 000000000 000000000
0430 20040401 000010636 000011168 000000000 000000000 000000000 000000000 000000000 000000000
0430 20050101 000010881 000011425 000000000 000000000 000000000 000000000 000000000 000000000
0430 20050401 000010881 000010881 000000000 000000000 000000000 000000000 000000000 000000000
0430 20060101 000010881 000011425 000000000 000000000 000000000 000000000 000000000 000000000
0430 20070101 000011240 000011802 000011022 000011573 000000000 000000000 000000000 000000000
0430 20080101 000011548 000011548 000011324 000011324 000000000 000000000 000000000 000000000
0430 20090101 000011883 000011883 000011652 000011652 000000000 000000000 000000000 000000000
0430 20100101 000012440 000012440 000012196 000012196 000000000 000000000 000000000 000000000
0430 20100401 000012440 000012813 000012196 000012562 000000000 000000000 000000000 000000000
0430 20110101 000012254 000012622 000012012 000012372 000000000 000000000 000000000 000000000
0430 20120101 000012426 000012799 000012180 000012545 000000000 000000000 000000000 000000000
0430 20130101 000012588 000012966 000012339 000012709 000000000 000000000 000000000 000000000
0430 20140101 000013330 000013730 000013070 000013462 000000000 000000000 000000000 000000000
0430 20150101 000014070 000014492 000013795 000014209 000000000 000000000 000000000 000000000
0430 20160101 000014795 000015239 000014505 000014940 000000000 000000000 000000000 000000000
0430 20170101 000015611 000016079 000015306 000015765 000004972 000005121 000004875 000005021
0430 20180101 000015783 000015783 000015470 000015470 000005026 000005026 000004927 000004927
0430 20190101 000016124 000016124 000015808 000015808 000005135 000005135 000005034 000005034
0430 20200101 000016474 000016474 000016149 000016149 000005246 000005246 000005143 000005143
0430 20210101 000016798 000016798 000016469 000016469 000005350 000005350 000005245 000005245
0440 20001001 000011381 000000000 000000000 000000000 000000000 000000000 000000000 000000000
0440 20010401 000011631 000012794 000000000 000000000 000000000 000000000 000000000 000000000
0440 20011001 000011795 000012975 000000000 000000000 000000000 000000000 000000000 000000000
0440 20021001 000011200 000012320 000000000 000000000 000000000 000000000 000000000 000000000
0440 20030401 000011200 000011200 000000000 000000000 000000000 000000000 000000000 000000000
0440 20031001 000011570 000011570 000000000 000000000 000000000 000000000 000000000 000000000
0440 20040401 000011480 000012054 000000000 000000000 000000000 000000000 000000000 000000000
0440 20050101 000011744 000012331 000000000 000000000 000000000 000000000 000000000 000000000
0440 20050401 000011744 000011744 000000000 000000000 000000000 000000000 000000000 000000000
0440 20060101 000011744 000012331 000000000 000000000 000000000 000000000 000000000 000000000
0440 20070101 000012132 000012739 000011897 000012492 000000000 000000000 000000000 000000000
0440 20080101 000012465 000012465 000012223 000012223 000000000 000000000 000000000 000000000
0440 20090101 000012826 000012826 000012577 000012577 000000000 000000000 000000000 000000000
0440 20100101 000013427 000013427 000013164 000013164 000000000 000000000 000000000 000000000
0440 20100401 000013427 000013830 000013164 000013559 000000000 000000000 000000000 000000000
0440 20110101 000013227 000013624 000012965 000013354 000000000 000000000 000000000 000000000
0440 20120101 000013412 000013814 000013148 000013542 000000000 000000000 000000000 000000000
0440 20130101 000013586 000013994 000013318 000013718 000000000 000000000 000000000 000000000
0440 20140101 000014388 000014820 000014106 000014529 000000000 000000000 000000000 000000000
0440 20150101 000015188 000015644 000014890 000015337 000000000 000000000 000000000 000000000
0440 20160101 000015971 000016450 000015658 000016128 000000000 000000000 000000000 000000000
0440 20170101 000016852 000017358 000016523 000017019 000005255 000005413 000005153 000005307
0440 20180101 000017038 000017038 000016700 000016700 000005313 000005313 000005208 000005208
0440 20190101 000017406 000017406 000017065 000017065 000005428 000005428 000005322 000005322
0440 20200101 000017784 000017784 000017433 000017433 000005546 000005546 000005436 000005436
0440 20210101 000018134 000018134 000017779 000017779 000005655 000005655 000005544 000005544
0550 20001001 000009579 000000000 000000000 000000000 000000000 000000000 000000000 000000000
0550 20010401 000009790 000010769 000000000 000000000 000000000 000000000 000000000 000000000
0550 20011001 000009928 000010921 000000000 000000000 000000000 000000000 000000000 000000000
0550 20021001 000009427 000010370 000000000 000000000 000000000 000000000 000000000 000000000
0550 20030401 000009427 000009427 000000000 000000000 000000000 000000000 000000000 000000000
0550 20031001 000009738 000009738 000000000 000000000 000000000 000000000 000000000 000000000
0550 20040401 000009663 000010146 000000000 000000000 000000000 000000000 000000000 000000000
0550 20050101 000009885 000010379 000000000 000000000 000000000 000000000 000000000 000000000
0550 20050401 000009885 000009885 000000000 000000000 000000000 000000000 000000000 000000000
0550 20060101 000009885 000010379 000000000 000000000 000000000 000000000 000000000 000000000
0550 20070101 000010211 000010722 000010014 000010515 000000000 000000000 000000000 000000000
0550 20080101 000010491 000010491 000010287 000010287 000000000 000000000 000000000 000000000
0550 20090101 000010795 000010795 000010585 000010585 000000000 000000000 000000000 000000000
0550 20100101 000011301 000011301 000011079 000011079 000000000 000000000 000000000 000000000
0550 20100401 000011301 000011640 000011079 000011411 000000000 000000000 000000000 000000000
0550 20110101 000011132 000011466 000010912 000011239 000000000 000000000 000000000 000000000
0550 20120101 000011288 000011627 000011065 000011397 000000000 000000000 000000000 000000000
0550 20130101 000011435 000011778 000011209 000011545 000000000 000000000 000000000 000000000
0550 20140101 000012110 000012473 000011873 000012229 000000000 000000000 000000000 000000000
0550 20150101 000012783 000013166 000012533 000012909 000000000 000000000 000000000 000000000
0550 20160101 000013442 000013845 000013179 000013574 000000000 000000000 000000000 000000000
0550 20170101 000014184 000014610 000013907 000014324 000004749 000004892 000004656 000004796
0550 20180101 000014340 000014340 000014056 000014056 000004801 000004801 000004706 000004706
0550 20190101 000014650 000014650 000014363 000014363 000004905 000004905 000004809 000004809
0550 20200101 000014968 000014968 000014673 000014673 000005012 000005012 000004913 000004913
0550 20210101 000015263 000015263 000014964 000014964 000005110 000005110 000005010 000005010
0560 20001001 000015355 000000000 000000000 000000000 000000000 000000000 000000000 000000000
0560 20010401 000015693 000017262 000000000 000000000 000000000 000000000 000000000 000000000
0560 20011001 000015914 000017505 000000000 000000000 000000000 000000000 000000000 000000000
0560 20021001 000015111 000016622 000000000 000000000 000000000 000000000 000000000 000000000
0560 20030401 000015111 000015111 000000000 000000000 000000000 000000000 000000000 000000000
0560 20031001 000015610 000015610 000000000 000000000 000000000 000000000 000000000 000000000
0560 20040401 000015489 000016263 000000000 000000000 000000000 000000000 000000000 000000000
0560 20050101 000015845 000016637 000000000 000000000 000000000 000000000 000000000 000000000
0560 20050401 000015845 000015845 000000000 000000000 000000000 000000000 000000000 000000000
0560 20060101 000015845 000016637 000000000 000000000 000000000 000000000 000000000 000000000
0560 20070101 000016368 000017186 000016051 000016854 000000000 000000000 000000000 000000000
0560 20080101 000016817 000016817 000016490 000016490 000000000 000000000 000000000 000000000
0560 20090101 000017305 000017305 000016968 000016968 000000000 000000000 000000000 000000000
0560 20100101 000018116 000018116 000017760 000017760 000000000 000000000 000000000 000000000
0560 20100401 000018116 000018659 000017760 000018293 000000000 000000000 000000000 000000000
0560 20110101 000017846 000018381 000017493 000018018 000000000 000000000 000000000 000000000
0560 20120101 000018096 000018639 000017739 000018271 000000000 000000000 000000000 000000000
0560 20130101 000018331 000018881 000017969 000018508 000000000 000000000 000000000 000000000
0560 20140101 000019412 000019994 000019033 000019604 000000000 000000000 000000000 000000000
0560 20150101 000020491 000021106 000020089 000020692 000000000 000000000 000000000 000000000
0560 20160101 000021547 000022193 000021124 000021758 000000000 000000000 000000000 000000000
0560 20170101 000022736 000023418 000022292 000022961 000006036 000006217 000005918 000006096
0560 20180101 000022986 000022986 000022531 000022531 000006102 000006102 000005982 000005982
0560 20190101 000023482 000023482 000023023 000023023 000006234 000006234 000006112 000006112
0560 20200101 000023992 000023992 000023519 000023519 000006370 000006370 000006244 000006244
0560 20210101 000024464 000024464 000023985 000023985 000006495 000006495 000006368 000006368
0570 20001001 000004337 000000000 000000000 000000000 000000000 000000000 000000000 000000000
0570 20010401 000004432 000004875 000000000 000000000 000000000 000000000 000000000 000000000
0570 20011001 000004495 000004945 000000000 000000000 000000000 000000000 000000000 000000000
0570 20021001 000004268 000004695 000000000 000000000 000000000 000000000 000000000 000000000
0570 20030401 000004268 000004268 000000000 000000000 000000000 000000000 000000000 000000000
0570 20031001 000004409 000004409 000000000 000000000 000000000 000000000 000000000 000000000
0570 20040401 000004375 000004594 000000000 000000000 000000000 000000000 000000000 000000000
0570 20050101 000004476 000004700 000000000 000000000 000000000 000000000 000000000 000000000
0570 20050401 000004476 000004476 000000000 000000000 000000000 000000000 000000000 000000000
0570 20060101 000004476 000004700 000000000 000000000 000000000 000000000 000000000 000000000
0570 20070101 000004624 000004855 000004534 000004761 000000000 000000000 000000000 000000000
0570 20080101 000004751 000004751 000004659 000004659 000000000 000000000 000000000 000000000
0570 20090101 000004889 000004889 000004794 000004794 000000000 000000000 000000000 000000000
0570 20100101 000005118 000005118 000005018 000005018 000000000 000000000 000000000 000000000
0570 20100401 000005118 000005272 000005018 000005169 000000000 000000000 000000000 000000000
0570 20110101 000005042 000005193 000004942 000005090 000000000 000000000 000000000 000000000
0570 20120101 000005113 000005266 000005012 000005162 000000000 000000000 000000000 000000000
0570 20130101 000005179 000005334 000005077 000005229 000000000 000000000 000000000 000000000
0570 20140101 000005484 000005649 000005377 000005538 000000000 000000000 000000000 000000000
0570 20150101 000005789 000005963 000005675 000005845 000000000 000000000 000000000 000000000
0570 20160101 000006087 000006270 000005968 000006147 000000000 000000000 000000000 000000000
0570 20170101 000006423 000006616 000006297 000006486 000001529 000001575 000001499 000001544
0570 20180101 000006494 000006494 000006365 000006365 000001546 000001546 000001515 000001515
0570 20190101 000006634 000006634 000006504 000006504 000001580 000001580 000001549 000001549
0570 20200101 000006778 000006778 000006644 000006644 000001614 000001614 000001582 000001582
0570 20210101 000006911 000006911 000006776 000006776 000001645 000001645 000001613 000001613
